$ANSIBLE_VAULT;1.1;AES256
61333564653339306432656539323237666665646464306531646637373764383562386261393635
6539346161313633666638616233626361363133363335610a333133656232303064316363323661
38636432383666306461633561373237633739306639643432353938643939616536393533666263
3035616330346432330a303530653733623631646336343361643563353262616663313465363362
66383765656163633031616165336538623036633738376236626437653262353031363362346136
39303431353339303130323032616661386632626338343762356430316163363532323533666235
39623636383432613339656138663466623263663262643838613834356564366565663565623138
35663965356663613263353235323638303133633864623437383963393234666538653833333939
62613366663262616135316130313063613636303537373830383438326562666333643561373736
35353538373362626164356532616463313362616139313462333738366531343265303065326437
66653861316237396663656437313533396530393663633865383432376132396661313231393136
65386237343237663365303161616235326465386333306334306132626465393631343331313436
38633766313565386661636363656537326533383364343038613539353066363131626537616639
37646662363539306666653639313431323062326563653030363937646538623438626131666530
66373164316461346639633964346564396365373166326666663438636263393062626461373166
35636361316435353434653536363437363032363937303631383166643830366435633163326337
30323930323536333037376565383334383038646336323339306231363239333366313866306337
62353138316437663563646434336232393265356566333966393562396266313538626333396663
34366561366663376439386664376161613936663165353564366165313061613463313432663462
33333131376364663066653738323637313363636463663437376661356233643434646361376133
61653339623933653265636163326164323832386461653263646161363766303331656662316238
33376635616633376266643463386637303930626165616434306131306237623635623866303161
30623534636639663939393932623561623330366263393832393633396663343566386336623033
30666437356634303035633662353137303062353363396332366435303430326461366630616239
64643734383961393462323563353465393365373666643465303535616235623937303763346139
34666631376362313366623566643566323565353632326231333134643865313936373938353233
39623563323238326235613865353838366363346437613032386463623564643463643561396131
36643335386131393361633136386162643337653136646138323962383463393338326137396533
62363431633237393234366434313931343563366266303363383330383663626533343334383238
34313766633065633634343239383239613465376537323139393438613630313961343165396438
39373034666534633064366634363938313835333763383637623664623361323831633236366462
61656161633731323730613663386565323434613964633766383731303939353966396363326237
38346665396366623465353638306632353037646433653864643132356533663931
